ArchivoCP1.
1e1c1f1d1e1c1f1d1e1c1f1d1e1c1f1d1e1c1f1d
[49, 101, 49, 99, 49, 102, 49, 100, 49, 101, 49, 99, 49, 102, 49, 100, 49, 101, 49, 99, 49, 102, 49, 100, 49, 101, 49, 99, 49, 102, 49, 100, 49, 101, 49, 99, 49, 102, 49, 100]
ecfdecfdecfdecfdecfd
0.00018873214721679132

ArchivoCP2.
2l1d1m2l1d1m2l1d1m2l1d1m2l1d1m
[50, 108, 49, 100, 49, 109, 50, 108, 49, 100, 49, 109, 50, 108, 49, 100, 49, 109, 50, 108, 49, 100, 49, 109, 50, 108, 49, 100, 49, 109]
lldmlldmlldmlldmlldm
0.0012260913848876898

ArchivoCP3.
1z1p1u1i1z1p1u1i1z1p1u1i1z1p1u1i1z1p1u1i
[49, 122, 49, 112, 49, 117, 49, 105, 49, 122, 49, 112, 49, 117, 49, 105, 49, 122, 49, 112, 49, 117, 49, 105, 49, 122, 49, 112, 49, 117, 49, 105, 49, 122, 49, 112, 49, 117, 49, 105]
zpuizpuizpuizpuizpui
0.0001844406127929632

ArchivoCP4.
1o1w1k1d1o1w1k1d1o1w1k1d1o1w1k1d1o1w1k1d
[49, 111, 49, 119, 49, 107, 49, 100, 49, 111, 49, 119, 49, 107, 49, 100, 49, 111, 49, 119, 49, 107, 49, 100, 49, 111, 49, 119, 49, 107, 49, 100, 49, 111, 49, 119, 49, 107, 49, 100]
owkdowkdowkdowkdowkd
0.0008491516113281194

ArchivoCP5.
1c1f1u1z1c1f1u1z1c1f1u1z1c1f1u1z1c1f1u1z
[49, 99, 49, 102, 49, 117, 49, 122, 49, 99, 49, 102, 49, 117, 49, 122, 49, 99, 49, 102, 49, 117, 49, 122, 49, 99, 49, 102, 49, 117, 49, 122, 49, 99, 49, 102, 49, 117, 49, 122]
cfuzcfuzcfuzcfuzcfuz
0.0007294654846191351

ArchivoCP6.
1d1o1x2d1o1x2d1o1x2d1o1x2d1o1x1d
[49, 100, 49, 111, 49, 120, 50, 100, 49, 111, 49, 120, 50, 100, 49, 111, 49, 120, 50, 100, 49, 111, 49, 120, 50, 100, 49, 111, 49, 120, 49, 100]
doxddoxddoxddoxddoxd
0.000151300430297846

ArchivoCP7.
1n1d1k1b1n1d1k1b1n1d1k1b1n1d1k1b1n1d1k1b
[49, 110, 49, 100, 49, 107, 49, 98, 49, 110, 49, 100, 49, 107, 49, 98, 49, 110, 49, 100, 49, 107, 49, 98, 49, 110, 49, 100, 49, 107, 49, 98, 49, 110, 49, 100, 49, 107, 49, 98]
ndkbndkbndkbndkbndkb
0.0009204387664794866

ArchivoCP8.
1j1d1k1c1j1d1k1c1j1d1k1c1j1d1k1c1j1d1k1c
[49, 106, 49, 100, 49, 107, 49, 99, 49, 106, 49, 100, 49, 107, 49, 99, 49, 106, 49, 100, 49, 107, 49, 99, 49, 106, 49, 100, 49, 107, 49, 99, 49, 106, 49, 100, 49, 107, 49, 99]
jdkcjdkcjdkcjdkcjdkc
0.0004252433776855413

ArchivoCP9.
1y1l1m1x1y1l1m1x1y1l1m1x1y1l1m1x1y1l1m1x
[49, 121, 49, 108, 49, 109, 49, 120, 49, 121, 49, 108, 49, 109, 49, 120, 49, 121, 49, 108, 49, 109, 49, 120, 49, 121, 49, 108, 49, 109, 49, 120, 49, 121, 49, 108, 49, 109, 49, 120]
ylmxylmxylmxylmxylmx
0.0009490489959716741

ArchivoCP10.
1e1q1s1q1e1q1s1q1e1q1s1q1e1q1s1q1e1q1s1q
[49, 101, 49, 113, 49, 115, 49, 113, 49, 101, 49, 113, 49, 115, 49, 113, 49, 101, 49, 113, 49, 115, 49, 113, 49, 101, 49, 113, 49, 115, 49, 113, 49, 101, 49, 113, 49, 115, 49, 113]
eqsqeqsqeqsqeqsqeqsq
0.0007323265075683538

ArchivoCP11.
1h1n1z1r1h1n1z1r1h1n1z1r1h1n1z1r1h1n1z1r
[49, 104, 49, 110, 49, 122, 49, 114, 49, 104, 49, 110, 49, 122, 49, 114, 49, 104, 49, 110, 49, 122, 49, 114, 49, 104, 49, 110, 49, 122, 49, 114, 49, 104, 49, 110, 49, 122, 49, 114]
hnzrhnzrhnzrhnzrhnzr
0.0005668640136718694

ArchivoCP12.
1b1o1l2b1o1l2b1o1l2b1o1l2b1o1l1b
[49, 98, 49, 111, 49, 108, 50, 98, 49, 111, 49, 108, 50, 98, 49, 111, 49, 108, 50, 98, 49, 111, 49, 108, 50, 98, 49, 111, 49, 108, 49, 98]
bolbbolbbolbbolbbolb
0.0006247997283935491

ArchivoCP13.
2q1h1b2q1h1b2q1h1b2q1h1b2q1h1b
[50, 113, 49, 104, 49, 98, 50, 113, 49, 104, 49, 98, 50, 113, 49, 104, 49, 98, 50, 113, 49, 104, 49, 98, 50, 113, 49, 104, 49, 98]
qqhbqqhbqqhbqqhbqqhb
0.0008307933807372991

ArchivoCP14.
1o1k1c1n1o1k1c1n1o1k1c1n1o1k1c1n1o1k1c1n
[49, 111, 49, 107, 49, 99, 49, 110, 49, 111, 49, 107, 49, 99, 49, 110, 49, 111, 49, 107, 49, 99, 49, 110, 49, 111, 49, 107, 49, 99, 49, 110, 49, 111, 49, 107, 49, 99, 49, 110]
okcnokcnokcnokcnokcn
0.000761651992797846

ArchivoCP15.
1u1q1j1z1u1q1j1z1u1q1j1z1u1q1j1z1u1q1j1z
[49, 117, 49, 113, 49, 106, 49, 122, 49, 117, 49, 113, 49, 106, 49, 122, 49, 117, 49, 113, 49, 106, 49, 122, 49, 117, 49, 113, 49, 106, 49, 122, 49, 117, 49, 113, 49, 106, 49, 122]
uqjzuqjzuqjzuqjzuqjz
0.00038256645202636164

ArchivoCP16.
1f1w1g1p1f1w1g1p1f1w1g1p1f1w1g1p1f1w1g1p
[49, 102, 49, 119, 49, 103, 49, 112, 49, 102, 49, 119, 49, 103, 49, 112, 49, 102, 49, 119, 49, 103, 49, 112, 49, 102, 49, 119, 49, 103, 49, 112, 49, 102, 49, 119, 49, 103, 49, 112]
fwgpfwgpfwgpfwgpfwgp
0.0007816791534423773

ArchivoCP17.
1e1m1t2e1m1t2e1m1t2e1m1t2e1m1t1e
[49, 101, 49, 109, 49, 116, 50, 101, 49, 109, 49, 116, 50, 101, 49, 109, 49, 116, 50, 101, 49, 109, 49, 116, 50, 101, 49, 109, 49, 116, 49, 101]
emteemteemteemteemte
5.626678466791324e-06

ArchivoCP18.
1b1i1v1l1b1i1v1l1b1i1v1l1b1i1v1l1b1i1v1l
[49, 98, 49, 105, 49, 118, 49, 108, 49, 98, 49, 105, 49, 118, 49, 108, 49, 98, 49, 105, 49, 118, 49, 108, 49, 98, 49, 105, 49, 118, 49, 108, 49, 98, 49, 105, 49, 118, 49, 108]
bivlbivlbivlbivlbivl
0.000216150283813471

ArchivoCP19.
1l1m1l1j1l1m1l1j1l1m1l1j1l1m1l1j1l1m1l1j
[49, 108, 49, 109, 49, 108, 49, 106, 49, 108, 49, 109, 49, 108, 49, 106, 49, 108, 49, 109, 49, 108, 49, 106, 49, 108, 49, 109, 49, 108, 49, 106, 49, 108, 49, 109, 49, 108, 49, 106]
lmljlmljlmljlmljlmlj
0.00024642944335936945

ArchivoCP20.
1e1m1c1o1e1m1c1o1e1m1c1o1e1m1c1o1e1m1c1o
[49, 101, 49, 109, 49, 99, 49, 111, 49, 101, 49, 109, 49, 99, 49, 111, 49, 101, 49, 109, 49, 99, 49, 111, 49, 101, 49, 109, 49, 99, 49, 111, 49, 101, 49, 109, 49, 99, 49, 111]
emcoemcoemcoemcoemco
0.00035824775695800226

ArchivoCP21.
1m1i1h2m1i1h2m1i1h2m1i1h2m1i1h1m
[49, 109, 49, 105, 49, 104, 50, 109, 49, 105, 49, 104, 50, 109, 49, 105, 49, 104, 50, 109, 49, 105, 49, 104, 50, 109, 49, 105, 49, 104, 49, 109]
mihmmihmmihmmihmmihm
0.0005666255950927679

ArchivoCP22.
1b1q1y1r1b1q1y1r1b1q1y1r1b1q1y1r1b1q1y1r
[49, 98, 49, 113, 49, 121, 49, 114, 49, 98, 49, 113, 49, 121, 49, 114, 49, 98, 49, 113, 49, 121, 49, 114, 49, 98, 49, 113, 49, 121, 49, 114, 49, 98, 49, 113, 49, 121, 49, 114]
bqyrbqyrbqyrbqyrbqyr
8.71658325195257e-05

ArchivoCP23.
1n1l1e1v1n1l1e1v1n1l1e1v1n1l1e1v1n1l1e1v
[49, 110, 49, 108, 49, 101, 49, 118, 49, 110, 49, 108, 49, 101, 49, 118, 49, 110, 49, 108, 49, 101, 49, 118, 49, 110, 49, 108, 49, 101, 49, 118, 49, 110, 49, 108, 49, 101, 49, 118]
nlevnlevnlevnlevnlev
0.0002950668334960882

ArchivoCP24.
1q1v1l1g1q1v1l1g1q1v1l1g1q1v1l1g1q1v1l1g
[49, 113, 49, 118, 49, 108, 49, 103, 49, 113, 49, 118, 49, 108, 49, 103, 49, 113, 49, 118, 49, 108, 49, 103, 49, 113, 49, 118, 49, 108, 49, 103, 49, 113, 49, 118, 49, 108, 49, 103]
qvlgqvlgqvlgqvlgqvlg
0.0007301807403564398

ArchivoCP25.
1q1h1d1f1q1h1d1f1q1h1d1f1q1h1d1f1q1h1d1f
[49, 113, 49, 104, 49, 100, 49, 102, 49, 113, 49, 104, 49, 100, 49, 102, 49, 113, 49, 104, 49, 100, 49, 102, 49, 113, 49, 104, 49, 100, 49, 102, 49, 113, 49, 104, 49, 100, 49, 102]
qhdfqhdfqhdfqhdfqhdf
0.0009583473205566351

ArchivoCP26.
1j1y1v1q1j1y1v1q1j1y1v1q1j1y1v1q1j1y1v1q
[49, 106, 49, 121, 49, 118, 49, 113, 49, 106, 49, 121, 49, 118, 49, 113, 49, 106, 49, 121, 49, 118, 49, 113, 49, 106, 49, 121, 49, 118, 49, 113, 49, 106, 49, 121, 49, 118, 49, 113]
jyvqjyvqjyvqjyvqjyvq
0.0007685661315917913

ArchivoCP27.
1n1x1k1j1n1x1k1j1n1x1k1j1n1x1k1j1n1x1k1j
[49, 110, 49, 120, 49, 107, 49, 106, 49, 110, 49, 120, 49, 107, 49, 106, 49, 110, 49, 120, 49, 107, 49, 106, 49, 110, 49, 120, 49, 107, 49, 106, 49, 110, 49, 120, 49, 107, 49, 106]
nxkjnxkjnxkjnxkjnxkj
0.000767135620117182

ArchivoCP28.
1j1p1a1y1j1p1a1y1j1p1a1y1j1p1a1y1j1p1a1y
[49, 106, 49, 112, 49, 97, 49, 121, 49, 106, 49, 112, 49, 97, 49, 121, 49, 106, 49, 112, 49, 97, 49, 121, 49, 106, 49, 112, 49, 97, 49, 121, 49, 106, 49, 112, 49, 97, 49, 121]
jpayjpayjpayjpayjpay
0.0007318496704101507

ArchivoCP29.
1p1h1l1s1p1h1l1s1p1h1l1s1p1h1l1s1p1h1l1s
[49, 112, 49, 104, 49, 108, 49, 115, 49, 112, 49, 104, 49, 108, 49, 115, 49, 112, 49, 104, 49, 108, 49, 115, 49, 112, 49, 104, 49, 108, 49, 115, 49, 112, 49, 104, 49, 108, 49, 115]
phlsphlsphlsphlsphls
0.0006331443786621038

ArchivoCP30.
1x1e1n1f1x1e1n1f1x1e1n1f1x1e1n1f1x1e1n1f
[49, 120, 49, 101, 49, 110, 49, 102, 49, 120, 49, 101, 49, 110, 49, 102, 49, 120, 49, 101, 49, 110, 49, 102, 49, 120, 49, 101, 49, 110, 49, 102, 49, 120, 49, 101, 49, 110, 49, 102]
xenfxenfxenfxenfxenf
0.0007294654846191351

