Archivos JPG
6042.5634765625
6042.564453125
6041.5830078125
6042.5654296875
6042.564453125
6042.564453125
6041.7109375
6042.5654296875
6042.5634765625
6042.5634765625
6042.5634765625
6038.47265625
6042.5634765625
6042.5634765625
6042.5634765625
6042.5634765625
6041.3984375
6034.4833984375
6042.5634765625
6042.564453125
6038.4423828125
6042.5634765625
6042.5634765625
6042.5634765625
6042.564453125
6042.5654296875
6042.564453125
6042.5634765625
6042.564453125
6042.5654296875

Archivos PNG
6066.658203125
6066.66015625
6053.046875
6066.66015625
6066.6572265625
6066.658203125
6054.5029296875
6066.6572265625
6066.6630859375
6066.66015625
6066.662109375
5959.3046875
6066.6611328125
6066.6611328125
6066.662109375
6066.6630859375
6055.5185546875
5903.70703125
6066.658203125
6066.658203125
5982.345703125
6066.6572265625
6066.6611328125
6066.6611328125
6066.6630859375
6069.087890625
6066.66015625
6066.66015625
6066.6611328125
6066.66015625

Archivos gif
6056.2255859375
6056.2255859375
6045.400390625
6056.2255859375
6056.2255859375
6056.2255859375
6045.966796875
6056.2255859375
6056.2255859375
6056.2255859375
6056.2255859375
4866.6591796875
6056.2255859375
6056.2255859375
6056.2255859375
6056.2255859375
6045.951171875
5303.8046875
6056.2255859375
6056.2255859375
5590.45703125
6056.2255859375
6056.2255859375
6056.2255859375
6056.2255859375
6056.2255859375
6056.2255859375
6056.2255859375
6056.2255859375
6056.2255859375
