Archivos JPG
5910.1259765625
5759.1318359375
5829.8203125
5881.0966796875
5725.3916015625
5564.541015625
5669.826171875
5995.4091796875
5394.677734375
7224.615234375
5815.6669921875
5793.9912109375
5841.8232421875
5849.1572265625
5934.896484375
5991.0859375
7825.203125
7897.44921875
7861.7431640625
7867.6640625
7887.501953125
7996.9150390625
7823.294921875
8018.7958984375
5956.025390625
5903.3193359375
5886.0419921875
6013.02734375
5846.708984375
7846.4599609375

Archivos PNG
4999.3173828125
3247.814453125
3872.896484375
4134.7412109375
3072.6142578125
4759.16015625
2367.7021484375
4980.84765625
3542.966796875
3400.494140625
4411.20703125
3546.904296875
4066.2314453125
3835.5859375
4491.03125
5908.66015625
5749.5400390625
6066.7978515625
5408.490234375
6011.4541015625
6179.9345703125
7427.7939453125
5853.259765625
7547.8369140625
5270.5869140625
4325.8525390625
4414.0068359375
6002.556640625
3533.2568359375
6005.3955078125

Archivos gif
4352.212890625
4373.70703125
4046.4150390625
4136.2978515625
4078.1103515625
4901.7939453125
3882.9306640625
4638.509765625
4478.7490234375
5037.4296875
4102.5009765625
4410.7685546875
4715.1044921875
4428.3818359375
4322.162109375
5742.6982421875
6608.9296875
6627.478515625
6160.3818359375
6823.3076171875
6931.365234375
7012.91015625
6614.1630859375
7346.66796875
5484.0654296875
4913.9267578125
4663.0078125
5933.671875
4463.591796875
6543.427734375
