[[0, 0, 0, 1, 1, 0, 1, 0, 1], [1, 0, 0, 1, 1, 1, 1, 0, 0], [0, 0, 0, 0, 1, 0, 0, 1, 1], [0, 1, 1, 1, 1, 0, 1, 1, 0], [1, 0, 0, 1, 0, 1, 1, 1, 1], [0, 1, 1, 1, 1, 0, 1, 1, 0], [0, 1, 1, 1, 1, 0, 1, 1, 0], [0, 0, 0, 0, 0, 0, 0, 0, 0], [1, 0, 1, 0, 1, 0, 1, 0, 1], [0, 1, 1, 1, 1, 0, 1, 1, 0], [0, 1, 1, 0, 1, 0, 0, 0, 0], [0, 1, 0, 0, 1, 1, 1, 1, 1], [0, 1, 0, 1, 1, 1, 0, 0, 1], [0, 1, 0, 1, 1, 1, 0, 0, 1], [1, 0, 0, 1, 1, 1, 1, 0, 0], [0, 0, 0, 0, 1, 0, 0, 1, 1], [0, 0, 0, 1, 1, 0, 1, 0, 1], [0, 1, 0, 0, 1, 1, 1, 1, 1], [0, 1, 1, 1, 0, 0, 1, 0, 1], [0, 0, 0, 1, 1, 0, 1, 0, 1]]
3

ERROR 0.1
[[0, 0, 0, 1, 1, 0, 1, 0, 1], [1, 0, 0, 1, 1, 1, 1, 0, 0], [0, 0, 0, 0, 1, 0, 0, 1, 1], [0, 1, 1, 0, 1, 0, 1, 1, 0], [1, 0, 0, 1, 1, 1, 1, 1, 1], [0, 1, 1, 1, 1, 0, 1, 1, 0], [0, 1, 1, 1, 1, 0, 1, 1, 0], [0, 0, 0, 0, 0, 0, 0, 1, 0], [1, 1, 1, 0, 1, 0, 0, 0, 0], [0, 1, 1, 1, 1, 0, 1, 1, 0], [0, 1, 1, 0, 1, 0, 0, 0, 0], [1, 1, 0, 1, 1, 1, 1, 1, 1], [0, 1, 0, 1, 1, 1, 1, 0, 1], [1, 1, 0, 1, 1, 1, 0, 0, 1], [1, 0, 0, 1, 1, 1, 1, 0, 1], [1, 0, 0, 0, 1, 0, 0, 1, 1], [0, 0, 0, 1, 1, 0, 1, 0, 1], [0, 1, 0, 0, 1, 1, 1, 1, 1], [0, 1, 0, 0, 1, 0, 1, 0, 0], [1, 0, 0, 1, 1, 0, 1, 0, 1]]

SINDROMES  DE ERROR 0.1
[[0, 0, 0, 0], [0, 0, 0, 0], [0, 0, 0, 0], [0, 1, 1, 0], [0, 0, 1, 1], [0, 0, 0, 0], [0, 0, 0, 0], [0, 0, 1, 0], [1, 0, 0, 1], [0, 0, 0, 0], [0, 0, 0, 0], [1, 1, 1, 1], [0, 1, 0, 0], [1, 0, 0, 1], [0, 0, 0, 1], [1, 0, 0, 1], [0, 0, 0, 0], [0, 0, 0, 0], [1, 0, 1, 1], [1, 0, 0, 1]]

CANTIDAD DE ERRORES: 11

ERROR 0.01
[[0, 1, 0, 1, 1, 0, 1, 0, 1], [1, 0, 0, 1, 1, 1, 1, 0, 0], [0, 0, 0, 0, 1, 0, 0, 1, 1], [0, 1, 1, 1, 1, 0, 1, 1, 0], [1, 0, 0, 1, 0, 1, 1, 1, 1], [0, 1, 1, 1, 1, 0, 1, 1, 0], [0, 1, 1, 1, 1, 0, 1, 1, 0], [0, 0, 0, 0, 0, 0, 0, 0, 0], [1, 0, 1, 0, 1, 0, 1, 0, 1], [0, 1, 1, 1, 1, 0, 1, 1, 0], [0, 1, 1, 1, 1, 0, 0, 0, 0], [0, 1, 0, 0, 1, 1, 1, 1, 1], [0, 1, 0, 1, 1, 1, 0, 0, 1], [0, 1, 0, 1, 1, 1, 0, 0, 1], [0, 0, 0, 1, 1, 1, 1, 0, 0], [0, 0, 0, 0, 1, 0, 0, 1, 1], [0, 0, 0, 1, 1, 0, 1, 0, 1], [0, 1, 0, 0, 1, 1, 1, 1, 1], [0, 1, 1, 1, 0, 0, 1, 0, 1], [0, 0, 0, 1, 1, 0, 1, 0, 1]]

SINDROMES DE ERROR 0.0l
[[1, 1, 0, 0], [0, 0, 0, 0], [0, 0, 0, 0], [0, 0, 0, 0], [0, 0, 0, 0], [0, 0, 0, 0], [0, 0, 0, 0], [0, 0, 0, 0], [0, 0, 0, 0], [0, 0, 0, 0], [0, 1, 1, 0], [0, 0, 0, 0], [0, 0, 0, 0], [0, 0, 0, 0], [1, 0, 0, 1], [0, 0, 0, 0], [0, 0, 0, 0], [0, 0, 0, 0], [0, 0, 0, 0], [0, 0, 0, 0]]

CANTIDAD DE ERRORES: 3

ERROR 0.001
[[0, 0, 0, 1, 1, 0, 1, 0, 1], [1, 0, 0, 1, 1, 1, 1, 0, 0], [0, 0, 0, 0, 1, 0, 0, 1, 1], [0, 1, 1, 1, 1, 0, 1, 1, 0], [1, 0, 0, 1, 0, 1, 1, 1, 1], [0, 1, 1, 1, 1, 0, 1, 1, 0], [0, 1, 1, 1, 1, 0, 1, 1, 0], [0, 0, 0, 0, 0, 0, 0, 0, 0], [1, 0, 1, 0, 1, 0, 1, 0, 1], [0, 1, 1, 1, 1, 0, 1, 1, 0], [0, 1, 1, 0, 1, 0, 0, 0, 0], [0, 1, 0, 0, 1, 1, 1, 1, 1], [0, 1, 0, 1, 1, 1, 0, 0, 1], [0, 1, 0, 1, 1, 1, 0, 0, 1], [1, 0, 0, 1, 1, 1, 1, 0, 0], [0, 0, 0, 0, 1, 0, 0, 1, 1], [0, 0, 0, 1, 1, 0, 1, 0, 1], [0, 1, 0, 0, 1, 1, 1, 1, 1], [0, 1, 1, 1, 0, 0, 1, 0, 1], [0, 0, 0, 1, 1, 0, 1, 0, 1]]

SINDROMES DE ERROR 0.001
[[0, 0, 0, 0], [0, 0, 0, 0], [0, 0, 0, 0], [0, 0, 0, 0], [0, 0, 0, 0], [0, 0, 0, 0], [0, 0, 0, 0], [0, 0, 0, 0], [0, 0, 0, 0], [0, 0, 0, 0], [0, 0, 0, 0], [0, 0, 0, 0], [0, 0, 0, 0], [0, 0, 0, 0], [0, 0, 0, 0], [0, 0, 0, 0], [0, 0, 0, 0], [0, 0, 0, 0], [0, 0, 0, 0], [0, 0, 0, 0]]

CANTIDAD DE ERRORES: 0

