[[0, 1, 1, 1, 1, 0, 1, 1, 0], [1, 1, 0, 1, 0, 0, 0, 1, 1], [0, 0, 1, 0, 0, 1, 1, 1, 1], [0, 0, 0, 0, 0, 0, 0, 0, 0], [1, 1, 0, 0, 1, 0, 1, 1, 0], [0, 0, 0, 0, 0, 0, 0, 0, 0], [0, 1, 1, 1, 0, 0, 1, 0, 1], [0, 1, 0, 0, 0, 1, 1, 0, 0], [0, 0, 1, 0, 1, 1, 1, 0, 0], [0, 0, 1, 0, 0, 1, 1, 1, 1], [0, 0, 0, 1, 0, 0, 1, 1, 0], [0, 1, 0, 1, 0, 1, 0, 1, 0], [1, 0, 1, 0, 1, 0, 1, 0, 1], [1, 0, 0, 1, 1, 1, 1, 0, 0], [0, 1, 1, 1, 0, 0, 1, 0, 1], [0, 1, 0, 1, 0, 1, 0, 1, 0], [0, 1, 1, 1, 1, 0, 1, 1, 0], [0, 1, 1, 1, 0, 0, 1, 0, 1], [0, 1, 0, 0, 1, 1, 1, 1, 1], [1, 1, 0, 0, 0, 0, 1, 0, 1]]
3

ERROR 0.1
[[0, 1, 1, 0, 1, 0, 0, 1, 0], [1, 1, 0, 1, 0, 0, 0, 1, 1], [0, 0, 1, 0, 0, 1, 1, 1, 1], [0, 0, 0, 0, 0, 0, 0, 0, 0], [1, 1, 0, 0, 1, 1, 1, 1, 0], [0, 0, 0, 0, 0, 0, 0, 0, 0], [0, 1, 1, 1, 0, 0, 1, 1, 1], [0, 1, 0, 0, 0, 1, 1, 1, 1], [0, 0, 0, 0, 1, 1, 1, 0, 0], [0, 0, 1, 0, 0, 1, 1, 1, 1], [0, 0, 0, 1, 0, 0, 1, 1, 0], [0, 1, 0, 1, 0, 1, 0, 1, 1], [1, 0, 1, 0, 1, 0, 1, 0, 1], [1, 0, 0, 1, 1, 1, 0, 0, 0], [0, 1, 1, 1, 0, 0, 1, 0, 1], [0, 1, 0, 1, 0, 1, 0, 1, 0], [0, 0, 1, 1, 1, 0, 1, 1, 0], [0, 0, 1, 1, 0, 1, 1, 0, 1], [0, 1, 0, 0, 1, 1, 1, 1, 1], [1, 1, 0, 0, 0, 0, 1, 0, 0]]

SINDROMES  DE ERROR 0.1
[[0, 0, 1, 0], [0, 0, 0, 0], [0, 0, 0, 0], [0, 0, 0, 0], [1, 0, 0, 0], [0, 0, 0, 0], [0, 0, 1, 0], [0, 0, 1, 1], [1, 1, 1, 1], [0, 0, 0, 0], [0, 0, 0, 0], [0, 0, 0, 1], [0, 0, 0, 0], [0, 1, 0, 0], [0, 0, 0, 0], [0, 0, 0, 0], [1, 1, 0, 0], [0, 1, 0, 0], [0, 0, 0, 0], [0, 0, 0, 1]]

CANTIDAD DE ERRORES: 10

CANTIDAD DE ERRORES CORREGIDOS: 0

ERROR 0.01
[[1, 1, 1, 1, 1, 0, 1, 1, 0], [0, 1, 0, 1, 0, 0, 0, 1, 1], [1, 0, 1, 0, 0, 1, 1, 1, 1], [1, 0, 0, 0, 0, 0, 0, 0, 0], [0, 1, 0, 0, 1, 0, 1, 1, 0], [1, 0, 0, 0, 0, 0, 0, 0, 0], [1, 1, 1, 1, 0, 0, 1, 0, 1], [1, 1, 0, 0, 0, 1, 1, 0, 0], [1, 0, 1, 0, 1, 1, 1, 0, 0], [1, 0, 1, 0, 0, 1, 1, 1, 1], [1, 0, 0, 1, 0, 0, 1, 1, 0], [1, 1, 0, 1, 0, 1, 0, 1, 0], [0, 0, 1, 0, 1, 0, 1, 0, 1], [0, 0, 0, 1, 1, 1, 1, 0, 0], [1, 1, 1, 1, 0, 0, 1, 0, 1], [1, 1, 0, 1, 0, 1, 0, 1, 0], [1, 1, 1, 1, 1, 0, 1, 1, 0], [1, 1, 1, 1, 0, 0, 1, 0, 1], [1, 1, 0, 0, 1, 1, 1, 1, 1], [1, 1, 0, 0, 0, 0, 1, 1, 1]]

SINDROMES DE ERROR 0.0l
[[0, 0, 0, 0], [0, 0, 0, 0], [0, 0, 0, 0], [0, 0, 0, 0], [0, 0, 0, 0], [0, 0, 0, 0], [0, 0, 0, 0], [0, 0, 0, 0], [0, 0, 0, 0], [0, 0, 0, 0], [0, 0, 0, 0], [0, 0, 0, 0], [0, 0, 0, 0], [0, 0, 0, 0], [0, 0, 0, 0], [0, 0, 0, 0], [0, 0, 0, 0], [0, 0, 0, 0], [0, 0, 0, 0], [0, 0, 1, 0]]

CANTIDAD DE ERRORES: 1

CANTIDAD DE ERRORES CORREGIDOS: 1

ERROR 0.001
[[1, 1, 1, 1, 1, 0, 1, 1, 0], [0, 1, 0, 1, 0, 0, 0, 1, 1], [1, 0, 1, 0, 0, 1, 1, 1, 1], [1, 0, 0, 0, 0, 0, 0, 0, 0], [0, 1, 0, 0, 1, 0, 1, 1, 0], [1, 0, 0, 0, 0, 0, 0, 0, 0], [1, 1, 1, 1, 0, 0, 1, 0, 1], [1, 1, 0, 0, 0, 1, 1, 0, 0], [1, 0, 1, 0, 1, 1, 1, 0, 0], [1, 0, 1, 0, 0, 1, 1, 1, 1], [1, 0, 0, 1, 0, 0, 1, 1, 0], [1, 1, 0, 1, 0, 1, 0, 1, 0], [0, 0, 1, 0, 1, 0, 1, 0, 1], [0, 0, 0, 1, 1, 1, 1, 0, 0], [1, 1, 1, 1, 0, 0, 1, 0, 1], [1, 1, 0, 1, 0, 1, 0, 1, 0], [0, 1, 1, 1, 1, 0, 1, 1, 1], [1, 1, 1, 1, 0, 0, 1, 0, 1], [1, 1, 0, 0, 1, 1, 1, 1, 1], [0, 1, 0, 0, 0, 0, 1, 0, 1]]

SINDROMES DE ERROR 0.001
[[0, 0, 0, 0], [0, 0, 0, 0], [0, 0, 0, 0], [0, 0, 0, 0], [0, 0, 0, 0], [0, 0, 0, 0], [0, 0, 0, 0], [0, 0, 0, 0], [0, 0, 0, 0], [0, 0, 0, 0], [0, 0, 0, 0], [0, 0, 0, 0], [0, 0, 0, 0], [0, 0, 0, 0], [0, 0, 0, 0], [0, 0, 0, 0], [0, 0, 0, 1], [0, 0, 0, 0], [0, 0, 0, 0], [0, 0, 0, 0]]

CANTIDAD DE ERRORES: 1

CANTIDAD DE ERRORES CORREGIDOS: 1

