[[0, 0, 0, 0, 1, 0, 0, 1, 1], [0, 0, 0, 1, 1, 0, 1, 0, 1], [0, 1, 0, 1, 1, 1, 0, 0, 1], [0, 0, 1, 0, 0, 1, 1, 1, 1], [0, 1, 0, 1, 0, 1, 0, 1, 0], [0, 1, 0, 0, 0, 1, 1, 0, 0], [1, 0, 1, 0, 1, 0, 1, 0, 1], [0, 1, 1, 1, 0, 0, 1, 0, 1], [0, 1, 1, 0, 1, 0, 0, 0, 0], [0, 1, 0, 1, 0, 1, 0, 1, 0], [0, 1, 1, 0, 1, 0, 0, 0, 0], [0, 0, 0, 0, 0, 0, 0, 0, 0], [0, 0, 0, 1, 0, 0, 1, 1, 0], [0, 1, 1, 0, 0, 0, 0, 1, 1], [1, 0, 1, 0, 0, 0, 1, 1, 0], [1, 0, 0, 1, 0, 1, 1, 1, 1], [1, 0, 0, 1, 0, 1, 1, 1, 1], [1, 0, 0, 0, 0, 1, 0, 0, 1], [0, 1, 0, 1, 1, 1, 0, 0, 1], [1, 0, 1, 0, 0, 0, 1, 1, 0]]
3

ERROR 0.1
[[0, 0, 0, 0, 1, 0, 0, 1, 1], [0, 1, 0, 1, 0, 0, 1, 0, 1], [0, 1, 0, 1, 1, 1, 0, 0, 1], [1, 1, 1, 0, 0, 1, 1, 1, 1], [0, 1, 0, 1, 0, 0, 0, 1, 0], [0, 1, 0, 0, 0, 1, 1, 0, 0], [1, 0, 1, 0, 1, 0, 1, 0, 1], [0, 1, 1, 1, 0, 0, 1, 0, 1], [0, 1, 1, 0, 1, 0, 0, 0, 0], [0, 1, 0, 1, 0, 1, 0, 1, 0], [0, 1, 1, 0, 1, 0, 0, 0, 0], [0, 0, 0, 0, 0, 0, 0, 0, 0], [0, 0, 0, 1, 0, 0, 1, 1, 0], [0, 1, 1, 0, 0, 0, 0, 1, 0], [0, 0, 0, 0, 0, 0, 1, 1, 1], [1, 0, 1, 1, 0, 1, 1, 1, 1], [1, 0, 0, 1, 0, 1, 1, 1, 1], [1, 0, 0, 0, 0, 0, 0, 0, 1], [0, 1, 0, 1, 1, 0, 0, 0, 1], [1, 0, 1, 0, 0, 0, 1, 1, 0]]

SINDROMES  DE ERROR 0.1
[[0, 0, 0, 0], [1, 1, 1, 1], [0, 0, 0, 0], [0, 1, 0, 1], [1, 0, 0, 0], [0, 0, 0, 0], [0, 0, 0, 0], [0, 0, 0, 0], [0, 0, 0, 0], [0, 0, 0, 0], [0, 0, 0, 0], [0, 0, 0, 0], [0, 0, 0, 0], [0, 0, 0, 1], [0, 1, 1, 1], [1, 1, 1, 1], [0, 0, 0, 0], [1, 0, 0, 0], [1, 0, 0, 0], [0, 0, 0, 0]]

CANTIDAD DE ERRORES: 8

CANTIDAD DE ERRORES CORREGIDOS: 0

ERROR 0.01
[[0, 0, 0, 0, 1, 0, 0, 1, 1], [0, 0, 0, 1, 1, 0, 1, 0, 1], [0, 1, 0, 1, 1, 0, 0, 0, 1], [0, 0, 1, 0, 0, 1, 1, 1, 1], [0, 1, 0, 1, 0, 1, 0, 1, 0], [0, 1, 0, 0, 0, 1, 1, 0, 0], [1, 0, 1, 0, 1, 0, 1, 0, 1], [0, 1, 1, 1, 0, 0, 1, 0, 1], [0, 1, 1, 0, 1, 0, 0, 0, 0], [0, 1, 0, 1, 0, 1, 0, 1, 0], [0, 1, 1, 0, 1, 0, 0, 0, 0], [0, 0, 0, 0, 0, 0, 0, 0, 0], [0, 0, 0, 1, 0, 0, 1, 1, 0], [0, 1, 1, 0, 0, 0, 0, 1, 1], [1, 0, 1, 0, 0, 0, 1, 1, 0], [1, 0, 0, 1, 0, 1, 1, 1, 1], [1, 0, 0, 1, 0, 1, 1, 1, 1], [1, 0, 1, 0, 0, 1, 0, 0, 1], [0, 1, 0, 1, 1, 1, 0, 0, 1], [1, 0, 1, 0, 0, 0, 1, 1, 0]]

SINDROMES DE ERROR 0.0l
[[0, 0, 0, 0], [0, 0, 0, 0], [1, 0, 0, 0], [0, 0, 0, 0], [0, 0, 0, 0], [0, 0, 0, 0], [0, 0, 0, 0], [0, 0, 0, 0], [0, 0, 0, 0], [0, 0, 0, 0], [0, 0, 0, 0], [0, 0, 0, 0], [0, 0, 0, 0], [0, 0, 0, 0], [0, 0, 0, 0], [0, 0, 0, 0], [0, 0, 0, 0], [1, 1, 1, 1], [0, 0, 0, 0], [0, 0, 0, 0]]

CANTIDAD DE ERRORES: 2

CANTIDAD DE ERRORES CORREGIDOS: 0

ERROR 0.001
[[0, 0, 0, 0, 1, 0, 0, 1, 1], [0, 0, 0, 1, 1, 0, 1, 0, 1], [0, 1, 0, 1, 1, 1, 0, 0, 1], [0, 0, 1, 0, 0, 1, 1, 1, 1], [0, 1, 0, 1, 0, 1, 0, 1, 0], [0, 1, 0, 0, 0, 1, 1, 0, 0], [1, 0, 1, 0, 1, 0, 1, 0, 1], [0, 1, 1, 1, 0, 0, 1, 0, 1], [0, 1, 1, 0, 1, 0, 0, 0, 0], [0, 1, 0, 1, 0, 1, 0, 1, 0], [0, 1, 1, 0, 1, 0, 0, 0, 0], [0, 0, 0, 0, 0, 0, 0, 0, 0], [0, 0, 0, 1, 0, 0, 1, 1, 0], [0, 1, 1, 0, 0, 0, 0, 1, 1], [1, 0, 1, 0, 0, 0, 1, 1, 0], [1, 0, 0, 1, 0, 1, 1, 1, 1], [1, 0, 0, 1, 0, 1, 1, 1, 1], [1, 0, 0, 0, 0, 1, 0, 0, 1], [0, 1, 0, 1, 1, 1, 0, 0, 1], [1, 0, 1, 0, 0, 0, 1, 1, 0]]

SINDROMES DE ERROR 0.001
[[0, 0, 0, 0], [0, 0, 0, 0], [0, 0, 0, 0], [0, 0, 0, 0], [0, 0, 0, 0], [0, 0, 0, 0], [0, 0, 0, 0], [0, 0, 0, 0], [0, 0, 0, 0], [0, 0, 0, 0], [0, 0, 0, 0], [0, 0, 0, 0], [0, 0, 0, 0], [0, 0, 0, 0], [0, 0, 0, 0], [0, 0, 0, 0], [0, 0, 0, 0], [0, 0, 0, 0], [0, 0, 0, 0], [0, 0, 0, 0]]

CANTIDAD DE ERRORES: 0

CANTIDAD DE ERRORES CORREGIDOS: 0

